0.977639972	0.016245373	0.001861837	0.000305028	0.000270469	4.07E-04	8.47E-04	6.63E-04	2.68E-04	2.55E-04	1.21E-04	1.34E-04	1.27E-04	7.76E-05	8.45E-05	5.89E-05	5.94E-05	4.67E-05	4.23E-05	3.38E-05	2.84E-05	1.98E-05	1.70E-05	1.53E-05	1.18E-05	1.41E-05	1.05E-05	8.62E-06	2.04E-06	6.52E-06	1.56E-06	1.71E-06	7.76E-07	1.90E-06	8.33E-07	2.53E-06	1.04E-06	2.80E-06	8.32E-06	0.000296206
0.086681012	0.821335794	0.078937747	0.006418937	0.002818642	0.001338931	0.000743996	4.71E-04	1.55E-04	1.37E-04	8.86E-05	9.23E-05	6.85E-05	4.31E-05	3.48E-05	2.96E-05	3.19E-05	2.09E-05	1.15E-05	1.51E-05	1.61E-05	1.41E-05	1.57E-05	1.41E-05	6.74E-06	1.06E-05	4.99E-06	2.21E-06	4.92E-07	1.86E-06	4.93E-07	1.10E-06	1.09E-06	5.40E-06	1.60E-06	1.30E-06	3.95E-07	5.49E-07	1.46E-05	0.000412622
0.028801694	0.117701941	0.70947727	0.090680468	0.029466991	0.009583256	0.005974536	0.00340827	0.001087954	0.000774256	5.19E-04	3.97E-04	3.61E-04	2.42E-04	2.29E-04	0.000203665	1.49E-04	1.01E-04	6.32E-05	4.65E-05	3.81E-05	2.54E-05	5.54E-05	5.08E-05	3.38E-05	3.09E-05	3.10E-05	1.12E-05	3.19E-06	1.32E-05	3.22E-06	3.78E-06	1.28E-06	1.96E-06	5.83E-07	1.20E-06	3.02E-07	5.91E-07	2.77E-06	0.000424412
0.021276428	0.027894361	0.215534369	0.427014483	0.214869532	0.057258787	0.017673785	0.007257459	0.002903379	0.002126999	0.001349136	1.01E-03	8.46E-04	5.38E-04	0.000372623	0.000325171	3.21E-04	0.000240829	1.84E-04	1.14E-04	5.92E-05	3.66E-05	3.64E-05	5.84E-05	4.31E-05	6.06E-05	8.83E-05	3.07E-05	5.31E-06	9.28E-06	2.84E-06	9.46E-06	2.63E-06	2.79E-06	8.71E-07	2.14E-06	5.38E-07	9.99E-07	3.26E-06	0.00043762
0.018833822	0.016042533	0.0594369	0.141293002	0.478263827	0.193938544	0.058622873	0.016269354	0.004349854	0.003240214	0.001808852	0.001616749	0.001335809	0.000864147	0.00091006	7.49E-04	0.00062846	3.70E-04	2.70E-04	1.63E-04	1.07E-04	7.60E-05	4.44E-05	4.84E-05	6.07E-05	4.21E-05	3.86E-05	2.87E-05	4.80E-06	9.72E-06	5.67E-06	2.54E-05	8.76E-06	6.51E-06	2.12E-06	3.52E-06	9.32E-07	1.56E-06	5.44E-06	0.000473073
0.027642219	0.009937912	0.027210405	0.034297613	0.149509714	0.459035938	0.204855569	0.053984828	0.010052208	0.006554748	0.003186771	0.002789585	0.002416237	0.001805306	0.001269026	0.000949367	0.000759706	0.000708314	5.88E-04	3.75E-04	3.44E-04	2.84E-04	1.48E-04	1.35E-04	0.00011023	0.000102971	9.53E-05	9.94E-05	1.81E-05	2.11E-05	6.71E-06	2.15E-05	5.95E-06	6.12E-06	1.91E-06	4.92E-06	1.18E-06	2.23E-06	7.26E-06	0.000656061
0.048127725	0.006635215	0.020649398	0.010648828	0.036483054	0.127217653	0.479418108	0.181129273	0.035486502	0.016950899	0.00804203	0.007492213	0.004761257	0.002970989	0.002757131	0.001719788	0.001651115	0.001034881	9.97E-04	6.89E-04	7.45E-04	7.69E-04	4.84E-04	3.91E-04	0.000355447	0.000250182	0.000164683	9.60E-05	1.78E-05	3.98E-05	1.54E-05	5.40E-05	1.92E-05	1.73E-05	5.77E-06	1.28E-05	3.19E-06	5.14E-06	1.77E-05	0.001674332
0.038035829	0.004039202	0.011341994	0.006446535	0.012470816	0.033240241	0.138753042	0.506252827	0.131022915	0.05363864	0.020892391	0.012234259	0.008568896	0.005122474	0.003880379	0.002672594	0.001786287	0.001341138	0.001121017	1.14E-03	7.72E-04	6.38E-04	6.53E-04	5.09E-04	0.000390506	0.000350642	0.000323035	0.000245916	5.00E-05	9.90E-05	2.49E-05	4.17E-05	1.35E-05	1.75E-05	6.60E-06	2.27E-05	5.48E-06	7.74E-06	2.53E-05	0.001803863
0.033470848	0.003130766	0.008845927	0.005408616	0.009315085	0.014528424	0.055448642	0.194885029	0.324055592	0.196495607	0.06548103	0.034231736	0.016075261	0.009102123	0.007751652	0.004721023	0.003855795	0.002584042	0.002183727	0.001546347	1.34E-03	8.95E-04	6.02E-04	4.12E-04	0.000365868	0.000333437	0.000257111	0.000209197	5.99E-05	0.000191463	5.54E-05	8.39E-05	3.19E-05	3.64E-05	1.92E-05	6.58E-05	2.06E-05	1.94E-05	6.13E-05	0.001828323
0.033186899	0.002648268	0.007280064	0.005219765	0.006971028	0.011591261	0.029647624	0.074254402	0.134277418	0.358399096	0.170532892	0.074086581	0.034889492	0.015142399	0.011758152	0.007687523	0.00518217	0.004141731	0.002939411	0.002041436	1.76E-03	0.001056303	8.65E-04	0.000612584	0.000579472	0.000417212	0.000273167	0.000197996	5.17E-05	0.000133733	3.30E-05	5.13E-05	1.76E-05	2.79E-05	1.68E-05	7.13E-05	2.15E-05	1.93E-05	8.04E-05	0.001834197
0.02040303	0.001873122	0.006656672	0.004536079	0.006282558	0.009435416	0.02312	0.042035221	0.050723527	0.157226309	0.306596021	0.203889076	0.082175246	0.031470489	0.017150695	0.010527622	0.006474979	0.004464361	0.003286376	0.002713203	0.001982522	0.001469619	0.000988064	0.000660354	0.00063263	0.000355768	0.000226351	0.000169597	6.26E-05	0.000125324	2.75E-05	4.59E-05	1.50E-05	2.76E-05	1.70E-05	7.36E-05	2.27E-05	2.06E-05	0.000186453	0.00185075
0.020448016	0.001524522	0.004429097	0.003296884	0.006003695	0.007272432	0.023155175	0.027627812	0.031000249	0.057617804	0.133855344	0.329205472	0.189165866	0.071454278	0.036243401	0.017723281	0.011612978	0.006462962	0.004969704	0.003753466	0.003125843	0.002136573	0.001594319	0.001005932	0.000928778	0.00064444	0.000484938	0.000393498	0.000171686	0.000294041	7.90E-05	0.000103662	3.55E-05	5.30E-05	2.09E-05	7.44E-05	1.86E-05	2.50E-05	0.000122906	0.0018645
0.018916939	0.001470491	0.004553313	0.002357992	0.005562731	0.007097224	0.016493379	0.025073604	0.017125356	0.035431062	0.049076846	0.139372633	0.325500731	0.173075251	0.0814052	0.035479927	0.019572871	0.01154379	0.007777207	0.006061627	0.004272398	0.002350696	0.002441571	0.001527183	0.001234274	0.000879189	0.000787832	0.000471766	0.000106687	0.000202718	5.76E-05	0.000140065	5.24E-05	9.01E-05	4.22E-05	0.000138943	4.66E-05	5.61E-05	0.00027653	0.001876903
0.014283519	0.001004745	0.003335498	0.002262526	0.003854428	0.00561766	0.012921818	0.020315425	0.014369609	0.019465537	0.024844424	0.055768137	0.149968433	0.287446797	0.201513447	0.084806897	0.0376204	0.018473979	0.011421642	0.007805294	0.005442536	0.003455107	0.003103707	0.00232207	0.001992186	0.001347265	0.000979349	0.000694456	0.000143016	0.000307577	9.09E-05	0.000200682	8.26E-05	0.000167757	6.48E-05	0.00014411	5.12E-05	8.85E-05	0.000324054	0.001897966
0.015314044	0.000913424	0.002673792	0.001657371	0.00394072	0.004266975	0.013424794	0.015631345	0.013030949	0.018000353	0.016341862	0.03112057	0.060868973	0.128857615	0.314874078	0.183527364	0.083581901	0.032602196	0.019261794	0.011363586	0.007789989	0.004387005	0.003505615	0.003102604	0.00248644	0.001479054	0.001069437	0.000917937	0.000193126	0.000420104	0.000119345	0.000242787	9.34E-05	0.000197104	6.78E-05	0.00011426	3.24E-05	6.42E-05	0.000542983	0.001920716
0.011748557	0.000907598	0.002522184	0.001486149	0.003040106	0.003665626	0.008942415	0.0146306	0.009166049	0.01386534	0.014668127	0.019717065	0.032024642	0.05205193	0.138774404	0.301769827	0.193794504	0.078347922	0.03632638	0.020711426	0.012261006	0.007096029	0.005409193	0.0040841	0.003017891	0.001994938	0.001775074	0.00122277	0.000259349	0.000600954	0.000197034	0.000444796	0.000165304	0.000215621	7.11E-05	0.00014842	4.53E-05	9.64E-05	0.0007609	0.001972998
0.010413413	0.000971295	0.001654401	0.000906087	0.002305689	0.003270149	0.009767587	0.009076737	0.008652833	0.011335663	0.009889353	0.017706145	0.021521987	0.026455533	0.061290462	0.134008978	0.317791489	0.172355008	0.080487682	0.035963057	0.02157497	0.011302418	0.008038321	0.005668244	0.00445931	0.003413075	0.002517157	0.001625769	0.000365159	0.000901544	0.000294009	0.000533614	0.000194735	0.000295281	0.000111031	0.000242435	6.90E-05	9.58E-05	0.000385375	0.002089147
0.007027768	0.00105493	0.001637566	0.000916194	0.001746128	0.003486943	0.006523951	0.008421926	0.006264511	0.009824783	0.008773874	0.012029702	0.017243056	0.019159114	0.032053341	0.059640182	0.145277682	0.27719485	0.188738198	0.086553796	0.041711258	0.019407205	0.013392447	0.008139587	0.005977988	0.004107427	0.00325931	0.002605504	0.000623423	0.001297446	0.000478467	0.000803454	0.00031293	0.000450928	0.000182326	0.000379247	0.000106324	0.000133139	0.000550792	0.002512302
0.006151427	0.000431483	0.001061835	0.000646984	0.001477043	0.002875524	0.005406053	0.006327561	0.007479703	0.007872554	0.006450153	0.010667773	0.013559265	0.013728322	0.024360263	0.030724446	0.064243214	0.12913653	0.287890837	0.186066878	0.089539506	0.036199267	0.021181437	0.012774582	0.009021987	0.005775212	0.004722361	0.003334707	0.000724778	0.001529602	0.000456721	0.000845519	0.000331588	0.000596161	0.000282815	0.000587162	0.000178706	0.000196398	0.001102248	0.004061396
0.006387236	0.000522545	0.000941877	5.80E-04	0.001161272	0.002881099	0.004643541	0.005800064	0.004655619	0.006547436	0.00580348	0.008023538	0.012586688	0.012417758	0.01690058	0.022305663	0.032495413	0.055274872	0.131436357	0.291794504	0.19735935	0.078182252	0.037921107	0.020307993	0.01228694	0.007628509	0.005941355	0.003916465	0.000906126	0.002036166	0.000608986	0.001168628	0.000464935	0.00078675	0.000314651	0.000717548	0.000211747	0.000249904	0.001497474	0.004333325
0.006702767	0.000617917	0.000839831	6.71E-04	0.001197761	0.001946204	0.004481081	0.00481033	0.004890627	0.006086861	0.004373391	0.007608677	0.00912114	0.00986587	0.016780477	0.017983611	0.025884508	0.031509687	0.057316669	0.128789375	0.311585066	0.171668382	0.077427518	0.036808492	0.019511382	0.011957262	0.008358756	0.004945069	0.001255063	0.002699281	0.000855212	0.00165492	0.000656771	0.001026229	0.000391799	0.000949078	0.000282875	0.000365675	0.001727004	0.004396013
0.004993591	3.48E-04	1.10E-03	6.90E-04	1.14E-03	0.001532871	0.003155357	0.003352962	0.003729542	0.004056288	0.003818824	0.006238034	0.007268543	0.008711154	0.012035692	0.013527122	0.018497037	0.022928712	0.033739776	0.057517907	0.142358707	0.281460985	0.183624186	0.081961857	0.036827285	0.020452364	0.01328484	0.008022181	0.002048214	0.003592221	0.001260047	0.00259118	0.001163495	0.001772263	0.000715532	0.001525302	0.000501869	0.000714097	0.003285068	0.004455481
0.004421367	4.72E-04	8.17E-04	4.51E-04	8.42E-04	0.001273868	0.002525643	0.002913925	0.002441504	0.00325313	0.002985582	0.004837056	0.006190848	0.00651069	0.009909461	0.011900279	0.015453277	0.018774169	0.024212732	0.036843235	0.064774028	0.129924204	0.276986119	0.182026663	0.08274986	0.039088099	0.023609508	0.013599833	0.003053851	0.005283024	0.001714791	0.003447946	0.001645466	0.002347326	0.000919482	0.001925977	0.000653454	0.001096883	0.003641109	0.004483083
0.00451428	0.000413369	0.000341106	0.000256946	0.000852758	0.00080046	0.001575115	0.002526812	0.001907646	0.002500493	0.001951002	0.003908297	0.004593535	0.004361073	0.007235067	0.008627746	0.011219899	0.012836275	0.017899821	0.023229928	0.041635999	0.061098991	0.134999337	0.278959413	0.183264844	0.081520156	0.041625417	0.021325695	0.004932606	0.008543579	0.002878646	0.005383225	0.002564205	0.003804178	0.001445127	0.0027752	0.00093361	0.001467383	0.004767482	0.004523279
0.005093736	0.000185335	0.000275796	0.000144057	0.000346162	0.000489019	0.001589242	0.002392621	0.001767003	0.002527867	0.001736067	0.00285665	0.004079397	0.003840186	0.005542565	0.005907714	0.008670159	0.009588136	0.014395036	0.017633788	0.030279572	0.037477652	0.06532837	0.13216602	0.278935257	0.175129986	0.087634237	0.038587639	0.0084871	0.01367902	0.004503658	0.007899902	0.003758634	0.005154296	0.001918666	0.003719293	0.001256091	0.0020956	0.008382789	0.004545684
0.004624707	0.000186534	0.000469119	0.000185835	0.000319837	0.000460198	0.001315078	0.002280504	0.00142142	0.002006584	0.001425516	0.002014155	0.003781433	0.003617539	0.005660246	0.005904306	0.0073521	0.007845256	0.011295882	0.015288296	0.023226402	0.027740722	0.038308386	0.061558588	0.129882474	0.261560893	0.190716185	0.083626483	0.017655053	0.022739308	0.00749585	0.011381635	0.005536662	0.007737694	0.003139856	0.006102819	0.002327881	0.003624408	0.013628277	0.004555879
0.003456233	0.000229993	0.00032618	0.000332909	0.000530204	0.00059669	0.000822607	0.001799022	0.000836272	0.001164409	0.001276171	0.001490144	0.002529012	0.002669737	0.003677114	0.003824104	0.005351833	0.005948667	0.007481621	0.010115995	0.016323151	0.020705959	0.027983294	0.038167296	0.060421524	0.123775992	0.293029615	0.180055286	0.043117357	0.043818812	0.014140516	0.018372898	0.008766305	0.011938771	0.004812979	0.008351705	0.003131358	0.004957379	0.01908975	0.004581137
0.003158952	0.000591863	0.00053306	0.00016911	0.000465174	0.00061008	0.000826244	0.001111224	0.000692318	0.000767294	0.000881326	0.001194179	0.002067039	0.00276748	0.002710451	0.002945493	0.003566287	0.00476859	0.006288348	0.00805154	0.012398511	0.015291847	0.020787907	0.024994135	0.037128885	0.058282403	0.12917351	0.288703732	0.102548259	0.099366389	0.032883049	0.033836584	0.016036158	0.018841866	0.007496293	0.011588017	0.004437994	0.007345537	0.030092661	0.004600205
0.001592373	0.000614506	0.000387791	7.40E-05	0.000183062	0.000414356	0.000622803	0.000940714	0.000951119	0.000816631	0.000681239	0.000770276	0.001087644	0.0017786	0.002329482	0.002205245	0.002657207	0.003290191	0.00438736	0.004905938	0.008412405	0.008751995	0.012560199	0.016513281	0.023425935	0.036544907	0.069745128	0.16653304	0.146343256	0.201941237	0.07558854	0.06510596	0.029048163	0.028368315	0.010771207	0.015430515	0.00531956	0.008462974	0.035822676	0.004620124
0.002471396	0.001172273	0.000687678	0.000135267	0.000262157	0.000689857	0.001162572	0.001774491	0.001808874	0.001610352	0.001240711	0.001367502	0.001773993	0.002707225	0.003998386	0.003743825	0.004365646	0.00448253	0.006022275	0.006790673	0.010720756	0.011112839	0.015914565	0.021297836	0.029623889	0.042229978	0.062897724	0.099944684	0.072063533	0.183110357	0.093993431	0.094471167	0.046734063	0.043077853	0.018181803	0.023485709	0.008935467	0.012110189	0.057210967	0.004615507
0.001340842	0.000325799	0.000214581	5.01E-05	0.000111846	0.000318939	0.000707171	0.000789883	0.001272853	0.000834054	0.000943697	0.001010239	0.0014707	0.001473144	0.00178182	0.002158521	0.003190795	0.003167331	0.004652826	0.004511511	0.007331405	0.007258709	0.010131067	0.013028292	0.019267833	0.029398834	0.0439239	0.067096582	0.0421513	0.123231702	0.113741834	0.159642521	0.096542856	0.077834483	0.030486721	0.033679454	0.012188137	0.016182873	0.061914372	0.004640511
0.001941599	0.000209923	0.000189509	7.40E-05	0.000165973	0.000423305	0.00105176	0.001113406	0.001741175	0.001247494	0.001403374	0.001471349	0.001683466	0.001718905	0.002166658	0.003071021	0.004854229	0.00487921	0.006884812	0.006747005	0.009833755	0.010166734	0.013308262	0.016023505	0.022169001	0.033307003	0.047743458	0.060922968	0.027589855	0.074381227	0.062716089	0.13121245	0.109707715	0.103518933	0.045819913	0.047024055	0.019094949	0.021872145	0.095883695	0.004666095
0.001188545	9.55E-05	8.88E-05	3.73E-05	0.000104493	0.000416657	0.000668383	0.000546494	0.000924853	0.000720217	0.000776433	0.000823097	0.000959189	0.001058159	0.001540721	0.002331115	0.003465068	0.002962727	0.004004995	0.00402855	0.005739404	0.005784696	0.007232286	0.009680376	0.01384535	0.021747004	0.030966716	0.040168952	0.01609241	0.047254404	0.036497654	0.099378167	0.13989185	0.168988342	0.086142136	0.076685916	0.02999111	0.02925779	0.103234941	0.004679215
0.001949936	0.000139302	0.000147558	7.42E-05	0.000217564	0.000738047	0.001059457	0.000932272	0.00118125	0.001173294	0.001095188	0.001263866	0.001477973	0.001623234	0.002319959	0.002792507	0.004101497	0.003907821	0.004849527	0.00575914	0.008228862	0.008274693	0.009561952	0.013737119	0.019417919	0.027899169	0.036062308	0.044470316	0.017093076	0.044736879	0.026254481	0.062380996	0.072194859	0.137121521	0.099670582	0.099554434	0.044724535	0.039338867	0.147754278	0.004719607
0.001294048	6.69E-05	5.83E-05	2.40E-05	6.28E-05	0.000233705	0.000377575	0.000627228	0.000704978	0.000442138	0.000384992	0.000429271	0.000524429	0.000712924	0.000868324	0.001103853	0.001870711	0.001994012	0.002577948	0.003146752	0.005354634	0.005813793	0.00596595	0.008849832	0.011407265	0.016748541	0.021564634	0.026847053	0.00999553	0.032609616	0.016980404	0.044106477	0.04308285	0.099774862	0.124323505	0.158766097	0.087413505	0.070082195	0.188048053	0.004760302
0.00208278	0.000109572	9.38E-05	3.88E-05	8.40E-05	0.000206011	0.000441109	0.001036849	0.000940337	0.000569123	0.000419057	0.000491975	0.00064669	0.000940873	0.001084537	0.001377431	0.002315892	0.002684721	0.003598845	0.004543619	0.007788038	0.008683995	0.009025673	0.012260698	0.014502343	0.020472594	0.025409416	0.029726462	0.011799408	0.03459379	0.017528896	0.038219692	0.028904512	0.057186004	0.061642743	0.120771136	0.096773896	0.08667975	0.28942761	0.004897221
0.001951599	5.19E-05	3.93E-05	1.59E-05	3.50E-05	9.37E-05	0.000175981	0.000344189	0.000358869	0.000220644	0.000200304	0.000263132	0.000466163	0.001020454	0.00076165	0.000918768	0.001256348	0.001155944	0.001731729	0.002527683	0.00395141	0.004793457	0.004561231	0.00675575	0.007383028	0.01227009	0.014767875	0.017770637	0.006340804	0.021177298	0.009942039	0.025196344	0.017729367	0.03913134	0.034843498	0.089128011	0.124307366	0.133846911	0.407508057	0.005006185
0.003277704	9.36E-05	6.16E-05	2.48E-05	5.51E-05	0.000124089	0.000225628	0.00032222	0.000345442	0.000282175	0.000259187	0.000328199	0.000452869	0.000632607	0.000828258	0.001271945	0.001711409	0.001550607	0.002359195	0.003493008	0.005138832	0.006105768	0.006316285	0.008513393	0.009508192	0.014386462	0.018351393	0.021456091	0.0078827	0.02088639	0.010650149	0.022537071	0.016718774	0.030478056	0.021683545	0.044040707	0.049199662	0.074216004	0.588821939	0.005408919
0	0	0	0	0	0	0	0	0	0	0	0	0	0	0	0	0	0	0	0	0	0	0	0	0	0	0	0	0	0	0	0	0	0	0	0	0	0	0.993289401	0.006710599
0	0	0	0	0	0	0	0	0	0	0	0	0	0	0	0	0	0	0	0	0	0	0	0	0	0	0	0	0	0	0	0	0	0	0	0	0	0	0	1
0.979043641	0.017032733	0.0021791	0.000445168	0.000245968	1.82E-04	1.14E-04	1.18E-04	4.58E-05	3.34E-05	2.46E-05	2.51E-05	2.27E-05	1.85E-05	2.04E-05	2.53E-05	1.66E-05	1.71E-05	1.64E-05	1.33E-05	1.58E-05	8.01E-06	7.33E-06	7.19E-06	7.97E-06	4.41E-06	3.47E-06	3.78E-06	6.67E-07	7.43E-07	2.34E-07	4.18E-07	1.47E-07	3.72E-07	2.25E-07	1.09E-06	3.32E-07	2.44E-07	3.05E-06	0.000294292
0.101174889	0.809672498	0.074726527	0.006738169	0.002478834	0.001738459	0.000971694	6.80E-04	2.82E-04	1.86E-04	1.29E-04	1.27E-04	7.24E-05	8.19E-05	4.84E-05	4.87E-05	5.85E-05	6.04E-05	6.28E-05	4.11E-05	3.45E-05	2.10E-05	1.18E-05	1.82E-05	2.49E-05	2.85E-05	2.02E-05	2.15E-05	4.59E-06	9.10E-06	2.64E-06	2.76E-06	8.29E-07	1.68E-06	5.02E-07	1.55E-06	4.08E-07	5.87E-07	3.10E-06	0.000412715
0.037330723	0.124633272	0.702232956	0.088206595	0.023848849	0.010204585	0.004498609	0.002872689	0.001008359	0.000792299	5.93E-04	0.000647592	5.66E-04	3.69E-04	0.000288723	0.000260664	0.000186873	1.45E-04	1.23E-04	1.34E-04	1.18E-04	7.36E-05	5.49E-05	6.85E-05	4.73E-05	9.03E-05	5.15E-05	3.51E-05	6.51E-06	1.04E-05	3.23E-06	7.47E-06	2.46E-06	7.34E-06	3.25E-06	1.34E-05	4.16E-06	3.03E-06	3.34E-05	0.00042395
0.021290671	0.035938555	0.197182948	0.485022997	0.172608776	0.050868861	0.016348851	0.007328796	0.002592067	0.001755601	0.00141439	1.14E-03	1.03E-03	7.56E-04	0.00075463	0.000487762	0.000434056	0.000438263	2.97E-04	1.84E-04	3.42E-04	1.77E-04	1.48E-04	1.45E-04	0.000162804	0.000144806	0.000132096	0.000107985	2.57E-05	5.39E-05	2.07E-05	4.65E-05	1.85E-05	4.59E-05	1.62E-05	3.41E-05	1.18E-05	1.01E-05	3.42E-05	0.000441777
0.015026393	0.021104995	0.06690171	0.141580403	0.489881114	0.18489502	0.046801535	0.016280324	0.003862277	0.0033366	0.002048082	0.001710101	0.001214831	0.001084611	0.000976448	0.000662464	4.03E-04	3.89E-04	3.58E-04	2.30E-04	1.59E-04	1.38E-04	8.47E-05	5.85E-05	5.04E-05	3.87E-05	3.98E-05	3.11E-05	9.66E-06	3.88E-05	1.29E-05	2.47E-05	1.09E-05	4.09E-05	1.14E-05	1.32E-05	3.88E-06	4.27E-06	1.58E-05	0.000467091
0.011484811	0.016234566	0.038214873	0.045613396	0.138170473	0.489898129	0.173389792	0.049669361	0.01087786	0.006125673	0.004721375	0.003617724	0.002514103	0.001865519	0.001793473	0.001089663	0.000864095	0.00058488	5.57E-04	4.18E-04	3.30E-04	3.48E-04	2.56E-04	1.73E-04	0.000122835	7.90E-05	8.83E-05	5.71E-05	1.10E-05	2.42E-05	1.22E-05	4.82E-05	1.78E-05	4.25E-05	1.22E-05	1.39E-05	4.16E-06	5.26E-06	2.04E-05	0.000628472
0.009823609	0.010250363	0.024391359	0.023199196	0.040214201	0.145774212	0.477544609	0.183473048	0.034861692	0.015389919	0.009375816	0.006436318	0.004090383	0.002712256	0.002649698	0.001611707	0.001351888	0.001041208	8.55E-04	6.54E-04	5.63E-04	4.40E-04	3.27E-04	3.26E-04	0.00022234	0.000177932	0.000157551	0.000165031	3.31E-05	3.92E-05	1.75E-05	5.62E-05	1.66E-05	2.35E-05	7.02E-06	1.80E-05	4.80E-06	6.29E-06	2.55E-05	0.001672772
0.007193635	0.008007019	0.017948355	0.014118622	0.02190493	0.046479538	0.143234092	0.486297275	0.129971258	0.056066695	0.024242412	0.013684274	0.007560007	0.00525506	0.003776784	0.002699534	0.001766774	0.001494224	1.13E-03	1.06E-03	1.04E-03	8.13E-04	5.79E-04	4.75E-04	0.000411378	0.000360357	0.000242789	1.00E-04	1.89E-05	3.75E-05	1.33E-05	4.21E-05	1.13E-05	2.23E-05	1.15E-05	4.91E-05	1.59E-05	1.31E-05	6.10E-05	0.001797883
0.005994547	0.005578171	0.013635838	0.012705649	0.013969313	0.031263521	0.058264206	0.200534197	0.299477218	0.188639216	0.080063966	0.034518919	0.016495151	0.009787681	0.006980385	0.004299451	0.003712036	0.002580849	0.001792734	0.00159085	1.37E-03	1.00E-03	8.07E-04	0.00061909	0.000498764	0.000580092	0.000522387	0.000183876	3.90E-05	8.26E-05	3.41E-05	0.000103082	3.30E-05	4.48E-05	2.16E-05	7.29E-05	2.68E-05	2.35E-05	0.000225024	0.001823554
0.005764736	0.004671139	0.012841869	0.008057182	0.012617913	0.020819107	0.032604256	0.082919154	0.135005254	0.319795816	0.192913692	0.084880394	0.03139593	0.017551677	0.010553269	0.006135818	0.004481683	0.003848326	0.002848049	0.002077098	1.52E-03	1.18E-03	8.37E-04	0.000706136	0.000568432	0.000462983	0.000474177	0.000175186	4.04E-05	0.000120429	3.45E-05	7.47E-05	1.83E-05	2.91E-05	9.16E-06	3.03E-05	8.30E-06	1.34E-05	8.09E-05	0.001837683
0.003985063	0.003018598	0.009740727	0.007623271	0.008435452	0.017273538	0.026107573	0.043805058	0.054059132	0.138782826	0.31597801	0.2053156	0.076000199	0.032536162	0.017281237	0.009479309	0.006588886	0.005595043	0.004160698	0.002831603	0.002514665	0.00183195	0.00120958	0.000896109	0.000758112	0.000729185	0.000452817	0.000227212	7.62E-05	0.000275941	9.84E-05	0.000152042	4.54E-05	5.72E-05	1.72E-05	3.70E-05	1.14E-05	2.19E-05	0.000133921	0.00185585
0.003121855	0.003284556	0.008570744	0.005154029	0.007261591	0.013811719	0.01803297	0.033079734	0.025967939	0.054813161	0.136011803	0.35181563	0.173056524	0.076367563	0.031813328	0.017073582	0.0095504	0.007991363	0.00636537	0.003584999	0.002822214	0.002570738	0.001684419	0.000898437	0.000851976	0.000743887	0.000599251	0.000332783	7.88E-05	0.000206242	6.19E-05	9.20E-05	2.42E-05	4.59E-05	1.43E-05	4.49E-05	1.33E-05	2.68E-05	0.000291373	0.001867706
0.002823549	0.003097493	0.006761558	0.004743965	0.005375312	0.010491263	0.016873344	0.025031742	0.018662087	0.027422638	0.058572781	0.152562972	0.293327144	0.189144644	0.085340276	0.035645134	0.018127899	0.01298811	0.009311973	0.005182113	0.00441624	0.003459375	0.002358324	0.001446755	0.001253516	0.001081986	0.000891416	0.000462143	9.99E-05	0.000230352	6.74E-05	0.000113747	3.19E-05	6.94E-05	2.90E-05	9.57E-05	3.86E-05	6.54E-05	0.000416007	0.001886953
0.002431832	0.002252013	0.005917164	0.003777233	0.004848505	0.009585076	0.011779348	0.021580783	0.014565819	0.020765933	0.029403356	0.066435461	0.136852751	0.303585662	0.191815952	0.081426883	0.032739178	0.01866709	0.01199478	0.006799307	0.005371598	0.004082244	0.003292874	0.002008611	0.001444662	0.001116388	0.001189217	0.000594703	0.000149698	0.000396711	0.00013236	0.000186464	5.02E-05	9.08E-05	2.80E-05	7.47E-05	3.70E-05	0.00011479	0.000514973	0.00189985
0.0028379	0.002938444	0.005505391	0.003920761	0.003747204	0.007143797	0.011062295	0.017182695	0.011672958	0.013468556	0.021610985	0.031111456	0.056824063	0.134143712	0.313977029	0.187428721	0.080831395	0.035706262	0.016943982	0.010672531	0.008611568	0.005653753	0.004222054	0.002599883	0.002124769	0.001708515	0.001409732	0.000710729	0.000187897	0.000521343	0.000209362	0.00032523	9.16E-05	0.000135692	4.11E-05	9.84E-05	4.46E-05	0.000127137	0.000524557	0.001921936
0.00206132	0.002132165	0.004519101	0.00248088	0.003923967	0.006686105	0.007924171	0.015619005	0.009704825	0.01298142	0.014822764	0.024377596	0.028694458	0.057197852	0.13720607	0.301249428	0.190117058	0.082948852	0.034223627	0.017531077	0.01195744	0.008137302	0.005664032	0.003745378	0.003401515	0.002497265	0.002108215	0.001295939	0.000321286	0.000619887	0.000303856	0.000471677	0.000134533	0.000208537	6.78E-05	0.000161836	6.32E-05	0.0001191	0.000348753	0.00197072
0.001919605	0.002064785	0.004011583	0.002426357	0.003478562	0.006427133	0.006627297	0.010007515	0.007752301	0.008919593	0.01141227	0.015092426	0.020863475	0.03064167	0.058889216	0.133674204	0.3076959	0.19391243	0.078857957	0.034307063	0.01961952	0.011854616	0.00698548	0.004729573	0.004198788	0.003461454	0.002396441	0.001720734	0.000492579	0.000906944	0.000411618	0.000676602	0.000199923	0.000320516	8.61E-05	0.000151534	6.24E-05	0.000157347	0.00050932	0.002077198
0.001578919	0.001303292	0.002846633	0.001814192	0.003363803	0.005247558	0.005611301	0.008715097	0.00590309	0.009444961	0.00959428	0.012139189	0.014166156	0.021545964	0.033176064	0.057808003	0.136797988	0.307972077	0.184989476	0.078252299	0.037366512	0.018536636	0.010251524	0.007229477	0.006169811	0.004618652	0.003204113	0.002594434	0.000681573	0.001138789	0.000422829	0.00083656	0.000266436	0.000550674	0.000146907	0.000206554	6.73E-05	0.000139938	0.000833	0.002467941
0.001383525	0.001055472	0.002625728	0.00185095	0.00218914	0.003484071	0.005048213	0.008153878	0.005759695	0.00726048	0.007243169	0.011043902	0.011226771	0.016324956	0.024145622	0.036328267	0.060502526	0.138376685	0.300042035	0.178152248	0.080519797	0.034877343	0.0176644	0.01056003	0.008068348	0.006219671	0.004766383	0.003384169	0.000831849	0.00143117	0.000545127	0.001194782	0.000433678	0.000944004	0.000277231	0.000363753	0.000118173	0.00020316	0.001351036	0.004048564
0.001713366	0.001280003	0.002204248	0.001644053	0.001377649	0.002923772	0.004579074	0.006571246	0.004219578	0.004732147	0.005786755	0.008456976	0.009357277	0.012450816	0.018485423	0.024212721	0.036198666	0.060325641	0.138638747	0.285499682	0.191221827	0.078583749	0.035454493	0.0182898	0.012488712	0.008592304	0.005998574	0.004146196	0.001061693	0.001712238	0.000601306	0.001367556	0.000464115	0.001032099	0.000301408	0.000524173	0.000177757	0.000309249	0.002688081	0.004326829
0.001827549	0.00148374	0.002378198	0.001732025	0.001337806	0.003659205	0.004350115	0.006247917	0.003637131	0.004075235	0.004994754	0.007325089	0.008054002	0.009790208	0.01342392	0.017789078	0.024944879	0.035423047	0.059213195	0.131500837	0.295097826	0.172226937	0.080239455	0.037186183	0.020578788	0.013426362	0.009508983	0.006726826	0.001656744	0.003114827	0.001270689	0.00269645	0.001013808	0.001813227	0.000568062	0.000951344	0.000361954	0.000634533	0.00333576	0.004403311
0.00074671	0.00202798	0.002368489	2.06E-03	0.001780234	0.002851085	0.003405197	0.004986379	0.003392229	0.004065507	0.004818013	0.006504109	0.006678651	0.008785665	0.010326201	0.013626202	0.01845611	0.026708642	0.038059408	0.059584846	0.135144813	0.260918233	0.176665092	0.084429859	0.040938586	0.024632217	0.016399937	0.010635899	0.002558341	0.004816288	0.002026752	0.003653085	0.001305762	0.002754944	0.000934812	0.001444304	0.000538836	0.000885554	0.003644086	0.004443225
0.000716364	0.001473618	0.002169431	0.00129932	2.00E-03	2.55E-03	0.003355474	0.004421199	0.003350194	0.003800921	0.003702232	0.004918572	0.005040265	0.006996608	0.008101235	0.011244055	0.014091789	0.0201202	0.026402421	0.035582555	0.061673516	0.128111837	0.255946925	0.1795453	0.092711904	0.045092666	0.025058227	0.013530655	0.003314175	0.006309512	0.002610506	0.005110117	0.001783061	0.00338451	0.001178631	0.001802803	0.000671543	0.001276998	0.005079353	0.004478281
0.001371211	0.00100964	0.001761029	0.000949892	0.001177943	0.001265283	0.002511801	0.00306125	0.002409706	0.002078668	0.002544787	0.003679514	0.00438827	0.005325321	0.00594331	0.009140817	0.009247008	0.014152242	0.019438909	0.026689875	0.039721065	0.061917215	0.129502184	0.25052917	0.184588106	0.088437317	0.04632378	0.023322558	0.006080844	0.010176117	0.004161217	0.007180526	0.00268297	0.005235341	0.001868497	0.002912844	0.001204091	0.002304559	0.009178861	0.004526264
0.001305955	0.000872671	0.001787421	0.000875068	0.00122855	0.001166514	0.001823225	0.003037621	0.001961037	0.001551849	0.002575754	0.00349562	0.003321617	0.004170256	0.005523198	0.008381756	0.006623552	0.009661975	0.013448916	0.017467747	0.028274151	0.036585137	0.058570682	0.125756281	0.266084907	0.182608553	0.091367273	0.041646977	0.009867444	0.014231563	0.005861375	0.009954711	0.003664266	0.006915524	0.002483309	0.004337121	0.0018768	0.003205736	0.01188501	0.004542875
0.000429052	0.000421084	0.0007241	0.000488597	0.000772609	0.000672971	0.000923397	0.001654826	0.001313144	0.001457988	0.002618007	0.002251248	0.002031549	0.002847459	0.003950153	0.006535551	0.005688453	0.009296134	0.012124905	0.014383406	0.021062842	0.027712123	0.039050553	0.063499446	0.129616985	0.266662253	0.185243373	0.080694982	0.019122064	0.022572225	0.009486631	0.014401763	0.005638395	0.009915307	0.003471298	0.005839083	0.002582252	0.004060297	0.014213079	0.004570416
0.000440867	0.000729942	0.000971112	0.000700143	0.000556619	0.000768998	0.000961741	0.001339675	0.001128531	0.001203578	0.001711619	0.002344101	0.002004262	0.002887934	0.004142679	0.004988614	0.00557354	0.007873326	0.009259525	0.010301047	0.014757128	0.018217906	0.025685669	0.036626171	0.062251991	0.12955797	0.289206614	0.167233958	0.042922511	0.040579984	0.016177282	0.021703631	0.009210824	0.01476764	0.005217443	0.008587143	0.003914945	0.00579823	0.023114919	0.004580187
0.000893429	0.000547888	0.000982581	0.000776366	0.000959947	0.001596502	0.000851072	0.000990266	0.001130515	0.001153883	0.001631094	0.002150487	0.001292749	0.001730507	0.003085596	0.003833596	0.005130905	0.006154244	0.007787077	0.007578985	0.010731335	0.015543865	0.021115869	0.029286408	0.0420684	0.066156743	0.139348029	0.255525366	0.096607949	0.090649149	0.037189449	0.037463978	0.015644123	0.022472092	0.008221433	0.012275698	0.005474253	0.007476425	0.031899408	0.00459234
0.000470779	0.001194126	0.000410341	0.000292054	0.000552064	0.000596359	0.000664109	0.000849846	0.001068521	0.000634724	0.000725695	0.001053934	0.000693593	0.001209317	0.001616365	0.002671118	0.003093252	0.003602564	0.004618297	0.005568071	0.007934935	0.010737474	0.013692627	0.019271668	0.029762786	0.04152794	0.078060309	0.16008993	0.134936074	0.175909046	0.083407697	0.069518829	0.026923868	0.031491513	0.010800024	0.013953884	0.006391255	0.009095976	0.040287265	0.004621768
0.000505732	0.000353774	0.000391674	0.000332601	0.000801738	0.000656604	0.001204893	0.00163208	0.001730253	0.001035199	0.000941451	0.001327906	0.001120802	0.001862344	0.002033125	0.003183852	0.004075659	0.005098082	0.00625973	0.007729759	0.011035725	0.014456603	0.016255063	0.02258198	0.032826044	0.039516804	0.06245363	0.089644857	0.069754092	0.161284234	0.111166892	0.10583519	0.042498924	0.04442409	0.016899194	0.020020244	0.009651166	0.012600718	0.070171184	0.00464611
0.000663111	0.000143236	0.000164168	0.000122182	0.000267733	0.000256688	0.000693135	0.00065045	0.000691338	0.000621591	0.000614129	0.000608582	0.000688651	0.000963589	0.001313441	0.001818978	0.002619637	0.003367744	0.003794724	0.004580272	0.006431283	0.009298277	0.009150474	0.012954608	0.016982667	0.021075529	0.038248851	0.055403373	0.040948852	0.118556014	0.156391868	0.190033488	0.085615029	0.069548851	0.025492518	0.026808848	0.011744411	0.01371113	0.062312561	0.004647987
0.001387792	0.000168881	0.000256699	0.000174204	0.00026865	0.000405131	0.001094849	0.000970892	0.000788823	0.001057178	0.001095512	0.000980039	0.001234695	0.001557394	0.00228735	0.003021312	0.004249132	0.005575083	0.006156341	0.007101268	0.009587308	0.012767514	0.012626417	0.016356063	0.019297199	0.022830052	0.035695398	0.047459744	0.026722636	0.071272611	0.079085461	0.172742416	0.114445363	0.102365329	0.040570373	0.039679057	0.017879078	0.018117809	0.095997637	0.00467131
0.001230826	8.31E-05	0.000143546	8.69E-05	0.000134807	0.000211383	0.000725579	0.001017037	0.000650882	0.000683885	0.000476495	0.000481636	0.000837093	0.001370773	0.001320873	0.002141816	0.002053146	0.00283343	0.003523679	0.003558013	0.005241391	0.007520584	0.006589862	0.008914314	0.011162008	0.012938074	0.023590322	0.033399538	0.016641385	0.047097974	0.043053494	0.119314833	0.158071117	0.178951805	0.079837029	0.06894358	0.029056222	0.025749381	0.095693421	0.00466878
0.002332398	0.000146459	0.000270057	0.000157346	0.00022491	0.000402146	0.001200251	0.001956393	0.00114251	0.001070608	0.000685959	0.000717602	0.001036358	0.001289684	0.001685446	0.003240134	0.002846335	0.003726082	0.004198697	0.004756857	0.007577912	0.010382222	0.009415258	0.011988078	0.015142466	0.016573539	0.026462324	0.033352744	0.014866652	0.039541229	0.027352924	0.068301296	0.075042553	0.152989386	0.098721231	0.096559594	0.046694541	0.037695829	0.173498499	0.004755491
0.001119919	5.91E-05	0.000170136	6.01E-05	8.42E-05	0.000124524	0.000384114	0.000610904	0.000388182	0.000362891	0.000242375	0.00028426	0.000469	0.000952398	0.001279407	0.00165242	0.001320022	0.002354015	0.002503772	0.00282905	0.004722472	0.006304388	0.005119503	0.007339951	0.009547707	0.00983931	0.016552557	0.020009232	0.008773404	0.027792969	0.017178856	0.043322254	0.041989141	0.113246632	0.129850902	0.162976003	0.094475924	0.063817766	0.195122593	0.004767686
0.001457046	0.000103916	0.000295825	9.84E-05	0.000124778	0.000174416	0.000358069	0.000527542	0.000375736	0.000369961	0.000355903	0.000470814	0.000685669	0.001560724	0.002079911	0.002172566	0.002001029	0.003435693	0.003785807	0.004342494	0.006741101	0.008270956	0.007344792	0.009992496	0.012708824	0.013020942	0.018768774	0.021199938	0.009663421	0.026293305	0.016547265	0.037825155	0.029657578	0.067070405	0.064721773	0.127531598	0.112441873	0.082159048	0.298353823	0.004910638
0.000420681	6.03E-05	0.00048001	5.61E-05	5.05E-05	6.41E-05	0.000133959	0.000190092	0.000143037	0.00013868	0.000131703	0.000179133	0.000297188	0.001015512	0.000799384	0.00077889	0.000901441	0.001290734	0.00160872	0.002064699	0.003023037	0.003770194	0.004039129	0.005523346	0.006572352	0.007633666	0.011106783	0.013148735	0.005118531	0.015330545	0.008947436	0.023219066	0.015549627	0.037328206	0.034267657	0.098367731	0.167343075	0.142006882	0.381928237	0.004970941
0.000318749	0.00015151	0.00096188	0.00013434	0.000100468	0.000125744	0.000200551	0.000284114	0.000216743	0.000217881	0.000236716	0.00034336	0.000535393	0.001410872	0.000996607	0.001013725	0.001335193	0.001547268	0.002148451	0.002864377	0.003859686	0.004703374	0.005912582	0.007536572	0.008695389	0.01036836	0.013014793	0.016148549	0.006413244	0.014465001	0.008618379	0.019693526	0.01295242	0.026760468	0.019070789	0.045239235	0.063830446	0.086495657	0.605656225	0.005421366
0	0	0	0	0	0	0	0	0	0	0	0	0	0	0	0	0	0	0	0	0	0	0	0	0	0	0	0	0	0	0	0	0	0	0	0	0	0	0.993289401	0.006710599
0	0	0	0	0	0	0	0	0	0	0	0	0	0	0	0	0	0	0	0	0	0	0	0	0	0	0	0	0	0	0	0	0	0	0	0	0	0	0	1
0.980084913	0.01330266	0.001754834	0.000277843	0.00027332	5.22E-04	1.01E-03	8.20E-04	3.16E-04	2.75E-04	1.34E-04	1.64E-04	1.69E-04	9.97E-05	8.31E-05	4.97E-05	4.66E-05	5.54E-05	4.94E-05	4.05E-05	2.70E-05	2.74E-05	1.68E-05	1.36E-05	1.84E-05	1.86E-05	1.74E-05	1.16E-05	1.87E-06	2.26E-06	6.20E-07	1.34E-06	1.10E-06	5.55E-06	2.23E-06	5.80E-06	1.77E-06	1.34E-06	2.13E-06	0.000296446
0.094752378	0.804320731	0.08578462	0.007648002	0.003438877	0.001568434	0.000931639	3.86E-04	1.72E-04	1.27E-04	1.17E-04	5.22E-05	2.69E-05	2.41E-05	7.35E-05	6.76E-05	2.06E-05	2.24E-05	1.47E-05	1.17E-05	4.67E-06	4.40E-06	3.15E-06	1.59E-06	1.26E-06	1.37E-06	1.65E-06	6.96E-06	7.87E-07	7.24E-07	1.25E-07	1.62E-07	7.55E-08	4.15E-07	1.09E-07	3.82E-07	7.74E-08	1.07E-07	2.20E-07	0.000411864
0.032184397	0.131636417	0.662643172	0.099274955	0.038336828	0.014970358	0.010043765	0.005194061	0.001684004	0.000823596	7.67E-04	4.81E-04	2.13E-04	1.64E-04	9.89E-05	7.91E-05	7.58E-05	0.000241842	1.81E-04	1.45E-04	5.68E-05	5.16E-05	3.41E-05	1.36E-05	7.17E-06	9.04E-06	1.70E-05	9.81E-05	1.68E-05	1.33E-05	2.70E-06	2.62E-06	8.98E-07	2.04E-06	6.04E-07	1.48E-06	4.02E-07	1.30E-06	3.41E-06	0.000428854
0.020197901	0.032646403	0.241109988	0.348733791	0.225463854	0.081139964	0.027647704	0.009396629	0.003897912	0.002235464	0.001673075	1.15E-03	8.63E-04	9.08E-04	0.000534652	0.000366677	2.07E-04	2.43E-04	1.97E-04	1.16E-04	1.57E-04	2.81E-04	2.23E-04	5.37E-05	1.83E-05	1.41E-05	1.03E-05	2.76E-05	4.55E-06	1.80E-05	2.85E-06	2.41E-06	7.03E-07	1.79E-06	5.34E-07	1.36E-06	4.02E-07	2.05E-06	3.29E-06	0.000445801
0.021405269	0.014805211	0.07226792	0.143217239	0.397172133	0.22491557	0.079448063	0.021202548	0.005833611	0.004064021	0.003066149	0.002321145	0.001710051	0.001389194	0.001376447	0.001190908	0.000724381	7.39E-04	6.15E-04	3.49E-04	4.09E-04	3.08E-04	5.60E-04	1.64E-04	5.47E-05	3.83E-05	1.94E-05	2.27E-05	8.41E-06	5.92E-05	1.09E-05	8.47E-06	2.63E-06	5.54E-06	1.78E-06	3.20E-06	9.21E-07	4.24E-06	8.37E-06	0.000497993
0.0434041	0.006838187	0.031471683	0.035408473	0.139949895	0.420523283	0.221967255	0.059239054	0.01318682	0.007120087	0.004474993	0.003255952	0.002310435	0.001658408	0.001145533	0.001105397	0.000883523	0.001312806	0.001118013	7.93E-04	5.74E-04	4.60E-04	3.19E-04	1.70E-04	6.95E-05	7.84E-05	3.79E-05	4.94E-05	3.51E-05	0.000195469	4.97E-05	3.61E-05	1.16E-05	1.37E-05	4.62E-06	7.08E-06	2.38E-06	1.12E-05	2.32E-05	0.000684647
0.062824795	0.003902131	0.017343433	0.009032251	0.028175671	0.115676041	0.485609768	0.183981716	0.036752698	0.016884581	0.009267325	0.007844106	0.004900468	0.003643105	0.0030301	0.001966722	0.001433636	0.001247554	0.000843388	5.40E-04	5.62E-04	5.94E-04	6.27E-04	5.26E-04	0.00024147	0.000252713	9.61E-05	9.71E-05	3.52E-05	0.000162065	4.05E-05	3.32E-05	1.08E-05	1.64E-05	5.74E-06	1.20E-05	5.57E-06	3.27E-05	6.81E-05	0.001682652
0.049444153	0.00222043	0.009549619	0.004381691	0.009093122	0.029528221	0.135853034	0.501013121	0.135921176	0.05245513	0.024374754	0.011886219	0.008188727	0.006753401	0.004873476	0.00312808	0.001803085	0.001718577	0.000869204	4.81E-04	8.97E-04	5.95E-04	0.000577477	0.000580763	0.00050852	0.000343462	0.000152007	0.000260724	4.50E-05	5.97E-05	1.31E-05	2.01E-05	7.37E-06	2.06E-05	8.35E-06	2.46E-05	2.46E-05	0.000125205	0.000396235	0.001803042
0.039078424	0.00137104	0.004957633	0.004517867	0.005359666	0.01260793	0.053929895	0.182067589	0.350013998	0.190258785	0.074516204	0.033810193	0.014803723	0.009303195	0.007546531	0.003773292	0.003089673	0.001927623	0.001176462	5.64E-04	5.46E-04	6.18E-04	8.15E-04	4.08E-04	0.000187199	0.000200157	0.000153811	0.000308505	3.98E-05	3.70E-05	7.82E-06	1.26E-05	4.24E-06	1.42E-05	5.03E-06	2.05E-05	7.51E-06	3.99E-05	7.24E-05	0.001827542
0.035814546	0.001219167	0.0042419	0.003624328	0.004581627	0.009567206	0.031373557	0.074110383	0.14094178	0.33578326	0.200280029	0.073871951	0.033754068	0.017249454	0.011854232	0.006069884	0.003377754	0.00224614	1.74E-03	1.08E-03	8.52E-04	0.000604062	0.000453825	0.000570889	0.000273361	0.000477791	0.000526904	0.001002634	0.000184926	0.000134103	3.11E-05	3.96E-05	1.39E-05	3.35E-05	1.22E-05	4.80E-05	1.30E-05	4.30E-05	6.12E-05	0.001835588
0.019538534	0.00048498	0.002459568	0.001887896	0.003596368	0.007673095	0.019234997	0.038283528	0.044536733	0.141173529	0.376862438	0.194602872	0.069612241	0.032036442	0.015838844	0.009829197	0.005752666	0.003613383	0.002913338	0.002517747	0.001559382	0.001312922	0.000654667	0.000643128	0.000239018	0.00033686	0.000179636	0.000314796	4.08E-05	3.88E-05	9.53E-06	2.16E-05	8.21E-06	2.83E-05	1.61E-05	9.76E-05	2.95E-05	8.96E-05	7.28E-05	0.001858313
0.025086273	0.000575897	0.002505869	0.00157433	0.004326322	0.005353362	0.02084249	0.023355925	0.026219089	0.045744221	0.152827295	0.348618227	0.180571102	0.077582711	0.033029383	0.012342045	0.010781229	0.006413031	0.005878715	0.004086029	0.002739963	0.002032858	0.001230719	0.000850375	0.000406692	0.000803054	0.000343854	0.000485995	8.61E-05	9.20E-05	2.66E-05	5.99E-05	2.57E-05	8.24E-05	7.09E-05	0.000328936	0.000146816	0.000289175	0.000316755	0.00186779
0.026482532	0.001122261	0.00366054	0.001782621	0.004939805	0.005891481	0.015679727	0.023391094	0.0150247	0.031786818	0.054541556	0.146949359	0.292785766	0.20559618	0.087957716	0.025911046	0.015230002	0.010498588	0.007602418	0.006480444	0.003930092	0.002418449	0.00277575	0.002184312	0.00085231	0.000733521	0.000314089	0.000347043	5.12E-05	7.78E-05	2.57E-05	7.65E-05	3.04E-05	9.35E-05	7.13E-05	0.000304837	0.000121574	0.000191867	0.000211319	0.001873781
0.01265026	0.000388313	0.002002571	0.001040938	0.002144263	0.003172279	0.013661027	0.019274891	0.011051777	0.014132044	0.024171432	0.050154883	0.131538351	0.355741936	0.221400611	0.064016609	0.029288388	0.014025941	0.008113359	0.00478271	0.003188584	0.002621905	0.002878498	0.00265919	0.001185528	0.00054854	0.000330502	0.000559703	9.70E-05	0.000102799	3.43E-05	0.000116408	3.84E-05	0.00010147	3.72E-05	0.00012189	6.95E-05	0.000265028	0.000402586	0.001888426
0.01324718	0.000237309	0.000875354	0.000636005	0.000904875	0.00232851	0.010699512	0.011758658	0.008951108	0.009773375	0.012429916	0.022054418	0.044692629	0.127734767	0.416394176	0.170724141	0.071129626	0.026989172	0.015547426	0.009078803	0.006436561	0.003860562	0.00351761	0.00301911	0.001362867	0.00073009	0.000569236	0.000575442	0.000100209	0.000138569	7.01E-05	0.000279641	0.000109205	0.000223279	5.89E-05	8.90E-05	2.66E-05	7.99E-05	0.000651739	0.001914458
0.012055907	4.34E-04	0.001630435	0.000570273	0.001283101	0.004069784	0.006445881	0.013318658	0.00681606	0.008010342	0.011032341	0.014375124	0.023719696	0.048375347	0.157254213	0.347517621	0.186517628	0.071178083	0.028391538	0.018742112	0.011748238	0.007744402	0.005400763	0.003574638	0.00181298	0.00163867	0.001632118	0.000700891	0.000113507	0.000212012	7.08E-05	0.000187053	0.000124417	0.000540229	0.000169261	0.000204665	5.80E-05	8.41E-05	0.0002897	0.001955731
0.013096385	9.63E-04	0.001193266	0.000659674	0.000927306	0.003699102	0.006552173	0.007276327	0.005860805	0.007364076	0.008118073	0.014043076	0.017480169	0.024504694	0.056410469	0.137022506	0.328381011	0.189156216	0.077874083	0.035169268	0.024347761	0.015387293	0.007795218	0.004199806	0.003217695	0.001974261	0.001210201	0.000639513	0.000110298	0.000312241	0.000114419	0.000248014	0.000190869	0.000830298	0.000309928	0.000451352	0.000162169	0.000151892	0.000511429	0.002083495
0.006520389	8.42E-04	0.000520637	2.61E-04	0.000686234	0.003477633	0.004288235	0.007292381	0.004218945	0.005792154	0.008181053	0.008723696	0.013934632	0.015986849	0.0252115	0.052604875	0.136115044	0.341713831	0.197609918	0.082106775	0.034065891	0.017617453	0.009989408	0.006066801	0.003565612	0.002655923	0.001919272	0.001319554	0.000276647	0.000653845	0.000267017	0.000345651	0.000202335	0.000717821	0.000212947	0.000218527	6.22E-05	9.93E-05	0.001200587	0.002456037
0.004393208	0.000217963	0.000589519	0.000216671	0.00066085	0.003313897	0.004096151	0.005394347	0.004432067	0.004553082	0.004964728	0.0082302	0.011392365	0.01344589	0.023859749	0.024600474	0.060321165	0.129972264	0.326301059	0.198041231	0.079752547	0.034373	0.019610578	0.011497999	0.006270174	0.005267843	0.002692484	0.001788945	0.000330443	0.000702644	0.000438137	0.000670567	0.000360193	0.000903012	0.00026142	0.000237689	6.98E-05	0.000141734	0.001514108	0.004119783
0.004348767	2.27E-04	0.001476767	2.75E-04	6.57E-04	0.002673648	0.003420505	0.005402252	0.002509344	0.00424135	0.004629482	0.007376493	0.010103911	0.010141257	0.013314322	0.015280453	0.027270341	0.04840926	0.130483432	0.338912487	0.198190567	0.079934676	0.039221979	0.016840823	0.008232515	0.006462535	0.003710261	0.002645099	0.000518916	0.001158024	0.000460795	0.00127598	0.000762391	0.001480482	0.000472157	0.000398106	0.000124361	0.000248042	0.002314701	0.004394557
0.00637276	1.03E-04	0.000376368	1.94E-04	0.00076783	0.001745654	0.002842112	0.003178015	0.00267123	0.004065259	0.003359488	0.007748311	0.008063632	0.008033524	0.01613635	0.014893085	0.018280456	0.026082778	0.050088018	0.127806397	0.33485524	0.193645337	0.078441863	0.02861298	0.018730225	0.012497784	0.009263483	0.004992528	0.000904704	0.001794008	0.000661237	0.002094027	0.00089946	0.001731478	0.000563306	0.000596676	0.000194607	0.000487804	0.001783374	0.004441524
0.005472621	1.01E-04	3.36E-04	5.21E-04	1.98E-03	0.002281509	0.002843118	0.003227654	0.002289598	0.002374924	0.002889861	0.005727712	0.004963217	0.006028635	0.01154468	0.010874093	0.016772002	0.019035654	0.028316094	0.049871349	0.135741585	0.321227836	0.206162088	0.06907902	0.029375978	0.016508769	0.014433211	0.008797476	0.001872922	0.003834523	0.001177304	0.002057618	0.000805159	0.001904309	0.000729931	0.00104533	0.000437847	0.001061108	0.001820009	0.004473776
0.003497227	7.31E-05	3.24E-04	6.58E-04	1.11E-03	1.36E-03	0.002023469	0.003058615	0.001600235	0.001647089	0.001766043	0.003442416	0.003601395	0.002876123	0.005207037	0.006490935	0.012034131	0.015613102	0.017668658	0.026548864	0.046327959	0.126869305	0.390523967	0.177644973	0.0698649	0.027929257	0.014354453	0.008164514	0.001920929	0.004855816	0.001771715	0.003079056	0.001355747	0.003247564	0.001505406	0.001525129	0.000512366	0.000932386	0.002494748	0.004525893
0.003701615	5.19E-05	0.000190416	0.000156506	0.000320761	0.000781976	0.002235705	0.00228054	0.001361533	0.001502334	0.001068989	0.002410269	0.003741299	0.003990979	0.005934555	0.00573218	0.008620474	0.011351426	0.016822943	0.017822779	0.026361181	0.050962817	0.148401757	0.317782712	0.196915849	0.077984082	0.032074533	0.017806216	0.004210837	0.006986046	0.002529147	0.005284297	0.002357155	0.004353318	0.001819371	0.002044391	0.000791997	0.001895107	0.004816332	0.004543653
0.004075273	6.33E-05	0.000335847	9.64E-05	0.000269683	0.001049076	0.001667749	0.002041059	0.00082621	0.001172321	0.000837302	0.002166822	0.003316937	0.0030628	0.004607225	0.003984399	0.00682239	0.007558174	0.011592646	0.013860002	0.018301158	0.031585258	0.054874278	0.134778389	0.340663264	0.189229893	0.077503685	0.031953655	0.006932505	0.009831335	0.002887148	0.005912054	0.00251245	0.005691456	0.001941663	0.002590467	0.000945365	0.002578716	0.005323084	0.004558529
0.001304032	0.000112639	0.000976011	0.000125786	0.000164877	0.000594298	0.001074889	0.00246561	0.00098721	0.000669354	0.000738808	0.002159264	0.002633947	0.003138058	0.003868686	0.004349121	0.005790485	0.005950598	0.009807599	0.008789341	0.011624712	0.021283766	0.029071379	0.057798338	0.143592973	0.302190389	0.190899953	0.084491307	0.018166269	0.023470847	0.006953142	0.010131237	0.004303254	0.00860593	0.003218711	0.005698825	0.002366299	0.004550816	0.011306797	0.004574444
0.001142798	3.42E-05	0.000311676	7.52E-05	0.000228343	0.001050271	0.001598595	0.002177919	0.001723388	0.000773564	0.000637428	0.001074823	0.002348344	0.002595091	0.002116501	0.00287825	0.003008508	0.002907208	0.004769569	0.006208086	0.009010093	0.014997758	0.019063104	0.029951119	0.057900565	0.134478989	0.307728807	0.20640048	0.047727518	0.047401173	0.014034185	0.017406677	0.007995966	0.01395048	0.005204494	0.007247943	0.002425898	0.003843085	0.010984517	0.004587319
0.001958391	2.88E-05	0.000233572	3.29E-05	6.85E-05	0.000294275	0.000745065	0.001361901	0.000553889	0.000450189	0.000894003	0.00064465	0.001294857	0.000991803	0.001559233	0.001704205	0.001862055	0.00155045	0.003591164	0.003021463	0.005215217	0.009201281	0.013857743	0.019071334	0.025336976	0.04715873	0.127659103	0.366207079	0.126767534	0.101874921	0.029035219	0.02729198	0.010498585	0.01581417	0.006712898	0.010773885	0.00400049	0.005517081	0.020551767	0.004612724
0.001894102	5.10E-05	0.000591459	4.67E-05	4.60E-05	0.000209444	0.001133965	0.000597118	0.000203482	0.000299113	0.000266977	0.000196954	0.000447148	0.000310896	0.000498304	0.000526889	0.00064536	0.000676613	0.001776818	0.002308287	0.004368777	0.006200516	0.007110648	0.010926301	0.017088166	0.024166476	0.055709786	0.186590853	0.205392873	0.225743903	0.078713287	0.064469755	0.02325653	0.024559902	0.010961379	0.011753855	0.003861326	0.00629196	0.015491664	0.004615497
0.004173274	0.000181697	0.001386794	0.000152368	0.000137223	0.000486739	0.002397385	0.001036119	0.000344567	0.000642325	0.000263293	0.000309406	0.000516292	0.000435884	0.000629676	0.00062941	0.000914977	0.001314883	0.002801432	0.004697778	0.008459766	0.010873824	0.010964647	0.014002172	0.021579933	0.0299094	0.047488503	0.08997558	0.090463748	0.23194932	0.122236668	0.120515132	0.048162749	0.041422929	0.017232346	0.017228528	0.00690784	0.010844594	0.031713552	0.004617248
0.002036149	3.67E-05	0.000362707	3.40E-05	4.49E-05	0.000243423	0.000769775	0.00099805	0.000375954	0.001298937	0.000339909	0.000197321	0.000364405	0.000249681	0.000323156	0.00031875	0.000491263	0.001056567	0.001348388	0.002570209	0.004770546	0.006301726	0.005790441	0.008187818	0.01289438	0.021233156	0.033177051	0.053607882	0.040588348	0.136911455	0.153280605	0.216114999	0.101282301	0.077959643	0.027698297	0.022252565	0.008256269	0.012805446	0.038790586	0.004636237
0.003001431	3.90E-05	0.000207802	3.85E-05	8.53E-05	0.00044282	0.000713599	0.001747788	0.000870919	0.00226422	0.00080896	0.000441111	0.000698962	0.000481747	0.000601269	0.000557154	0.000916352	0.001834731	0.00215738	0.004024834	0.006707048	0.008828366	0.008721299	0.011559217	0.016420056	0.023784186	0.035711967	0.049098019	0.023925415	0.075311328	0.074041735	0.18960414	0.129673807	0.125609362	0.052947921	0.041335852	0.01754737	0.021004269	0.061586168	0.004648587
0.001714582	1.74E-05	0.000106716	2.47E-05	0.000101674	0.000708686	0.000368567	0.000562091	0.000328187	0.000833832	0.000228198	0.000231172	0.000781993	0.000418533	0.000429094	0.000263782	0.000489798	0.000875431	0.001617627	0.003364284	0.003819531	0.004877801	0.005408406	0.00731798	0.007864883	0.014275595	0.019264774	0.03047612	0.01376414	0.047095881	0.039121903	0.12282005	0.148008685	0.201616983	0.105675877	0.076451901	0.031749231	0.031691028	0.070571288	0.004661555
0.002573652	3.61E-05	0.000156524	6.11E-05	0.000254042	0.001247634	0.000624746	0.000496207	0.000451057	0.000684045	0.000270149	0.000470779	0.001316864	0.000895238	0.000880311	0.000511233	0.000930955	0.001335111	0.002884843	0.005457503	0.005395998	0.006710665	0.008398527	0.01047172	0.010310033	0.017985895	0.02032613	0.030249231	0.012522173	0.040082575	0.02451251	0.065327749	0.076717988	0.175736327	0.137796812	0.116404685	0.053415708	0.046083242	0.115304774	0.004709163
0.000709364	8.11E-06	5.18E-05	1.58E-05	5.49E-05	0.000361719	0.000203436	0.000294892	0.000748493	0.000870278	0.000226187	0.000200088	0.000600176	0.000867221	0.001059051	0.000386194	0.000953543	0.001140119	0.001647595	0.002922568	0.002220867	0.004197697	0.004526757	0.005883544	0.006143795	0.009562575	0.010404823	0.015327687	0.006052832	0.022517076	0.012957489	0.038253795	0.039451332	0.117829106	0.200907186	0.209000433	0.104744547	0.066141575	0.1058671	0.004688252
0.00069403	1.40E-05	8.92E-05	2.78E-05	5.28E-05	0.000248921	0.000358843	0.000690914	0.001523345	0.001700487	0.000616807	0.000444825	0.000918521	0.001704112	0.002248759	0.001008861	0.00195283	0.002293826	0.002813361	0.004154111	0.002759059	0.004345967	0.006496204	0.008929516	0.010830954	0.01374008	0.01516644	0.018711522	0.008543819	0.02507039	0.013310244	0.035218091	0.024790695	0.063658361	0.08827567	0.187690348	0.158526551	0.104057972	0.181558898	0.004762813
0.000218002	3.07E-06	2.57E-05	6.18E-06	1.48E-05	8.49E-05	8.96E-05	0.00014773	0.000374358	0.00043776	0.000120212	0.000153554	0.000645475	0.000556919	0.00101201	0.000258551	0.000485499	0.000553684	0.000735097	0.001573706	0.000860924	0.001752139	0.00274861	0.003157505	0.004319484	0.005235766	0.007103751	0.007861433	0.003320849	0.011980432	0.005627004	0.018436687	0.012503248	0.034219312	0.040674418	0.116649089	0.244982791	0.189379515	0.276834279	0.004855943
0.000312059	5.62E-06	4.21E-05	1.09E-05	2.78E-05	0.000108986	0.000143108	0.00019048	0.000232311	0.000308121	0.000163532	0.000366568	0.001175165	0.000811649	0.001564929	0.000493399	0.000487075	0.000517021	0.0008318	0.001967241	0.001442275	0.002694985	0.004305976	0.00424927	0.006275652	0.007137721	0.010568851	0.011215381	0.00465385	0.012648516	0.006269832	0.016097154	0.010874149	0.026314522	0.022787356	0.054605052	0.084472695	0.154789219	0.54353725	0.005300406
0	0	0	0	0	0	0	0	0	0	0	0	0	0	0	0	0	0	0	0	0	0	0	0	0	0	0	0	0	0	0	0	0	0	0	0	0	0	0.993289401	0.006710599
0	0	0	0	0	0	0	0	0	0	0	0	0	0	0	0	0	0	0	0	0	0	0	0	0	0	0	0	0	0	0	0	0	0	0	0	0	0	0	1
0.974698323	0.020663688	0.002634674	0.000563221	0.000318402	1.78E-04	8.87E-05	8.18E-05	3.30E-05	6.48E-05	6.72E-05	2.54E-05	2.35E-05	3.42E-05	2.55E-05	3.68E-05	1.32E-05	6.70E-06	1.52E-05	7.16E-06	1.59E-05	3.06E-05	3.19E-05	2.16E-05	1.59E-05	5.10E-06	2.10E-06	9.10E-07	1.57E-07	2.94E-07	1.21E-07	2.02E-07	6.61E-08	1.38E-07	5.79E-08	3.35E-07	4.97E-08	9.29E-08	4.87E-07	0.000294664
0.096032338	0.817246542	0.074633632	0.006498484	0.002163786	0.001078103	0.00055447	5.58E-04	2.49E-04	9.86E-05	9.77E-05	1.11E-04	5.04E-05	9.48E-05	3.43E-05	1.68E-05	1.36E-05	5.37E-06	1.13E-05	4.61E-06	6.56E-06	4.29E-06	2.65E-06	2.33E-06	2.15E-06	1.59E-06	1.42E-06	3.51E-07	6.43E-08	2.51E-07	8.24E-08	3.14E-07	1.16E-07	4.00E-07	5.13E-07	4.64E-06	6.29E-07	3.52E-07	7.12E-06	0.000411897
0.037286122	0.105682334	0.727576887	0.086530546	0.020836848	0.008228445	0.005589037	0.002605995	0.000826876	0.000526206	4.43E-04	7.02E-04	4.24E-04	6.38E-04	0.000363571	2.02E-04	2.01E-04	8.39E-05	1.73E-04	7.60E-05	1.00E-04	5.64E-05	2.17E-05	1.78E-05	2.38E-05	2.48E-05	2.50E-05	6.08E-06	1.29E-06	4.18E-06	1.46E-06	4.08E-06	2.29E-06	7.78E-06	1.30E-05	7.89E-05	1.60E-05	1.07E-05	0.000164298	0.000424376
0.01717967	0.032695146	0.168664007	0.542915329	0.162743952	0.0430921	0.013767031	0.005570734	0.002053295	0.002233888	0.001268737	1.09E-03	9.38E-04	9.00E-04	0.000401927	0.000257047	0.000570404	0.000307315	7.64E-04	3.94E-04	1.86E-04	2.71E-04	1.17E-04	1.34E-04	0.00025905	0.000307267	0.000294919	7.06E-05	1.15E-05	1.26E-05	5.55E-06	8.90E-06	4.28E-06	1.23E-05	4.72E-06	2.24E-05	3.25E-06	3.89E-06	2.68E-05	0.000439715
0.013019252	0.027627046	0.063103194	0.133975174	0.491469645	0.184363081	0.05199431	0.015467527	0.003204043	0.00294526	0.001631593	0.002605031	0.001934255	0.001626154	0.001065423	0.000632591	0.000638038	4.71E-04	5.39E-04	2.38E-04	1.00E-04	9.58E-05	9.10E-05	2.77E-04	0.000104192	6.63E-05	5.87E-05	1.60E-05	2.77E-06	6.74E-06	2.57E-06	8.50E-06	6.75E-06	4.06E-05	1.42E-05	5.49E-05	8.14E-06	5.98E-06	1.83E-05	0.000472579
0.009544719	0.013964771	0.035265241	0.039418301	0.125162632	0.513994948	0.188034568	0.043478568	0.00933253	0.006056984	0.003121295	0.002499003	0.002249721	0.001802623	0.001154296	0.000699485	6.61E-04	0.000383543	5.03E-04	4.33E-04	0.000161115	0.000136146	1.03E-04	1.32E-04	4.68E-05	4.50E-05	8.36E-05	2.60E-05	8.36E-06	2.53E-05	1.15E-05	3.59E-05	4.19E-05	0.000196879	0.000101996	0.000268802	5.84E-05	4.67E-05	8.26E-05	0.000626794
0.005248241	0.00975507	0.022679895	0.019883484	0.038951021	0.122650381	0.533283573	0.168278133	0.03258999	0.015373553	0.008305706	0.005407726	0.00373529	0.002615683	0.002412132	0.001247564	0.001113932	0.000930009	6.05E-04	5.98E-04	2.70E-04	0.000460371	4.47E-04	4.87E-04	0.000152427	0.000153581	0.000315837	8.41E-05	1.43E-05	1.78E-05	7.83E-06	2.79E-05	1.00E-05	3.36E-05	1.62E-05	8.63E-05	1.29E-05	9.84E-06	2.50E-05	0.001704198
0.006484435	0.009733286	0.020435185	0.012876181	0.025945873	0.042031626	0.144451913	0.462547621	0.134371109	0.062122787	0.024701403	0.016224014	0.009713769	0.007184934	0.004671618	0.003049642	0.002895935	0.00172384	1.65E-03	0.001419208	6.25E-04	0.000625847	3.61E-04	6.32E-04	0.000244889	0.000401086	0.000194621	7.09E-05	1.36E-05	3.38E-05	2.42E-05	0.000115267	3.31E-05	4.71E-05	5.62E-05	0.000291122	6.40E-05	4.56E-05	8.84E-05	0.001795712
0.00412538	0.004599379	0.012895294	0.01531953	0.018693207	0.028810569	0.057897376	0.175280255	0.306489614	0.2160437	0.077242197	0.034020829	0.016733544	0.009566637	0.005263658	0.003692247	0.003393688	0.00159663	0.001692938	0.001095322	0.000489139	3.33E-04	2.85E-04	8.75E-04	0.000268287	0.00016939	0.000107263	7.85E-05	2.35E-05	6.00E-05	0.000108626	0.000419773	0.000150572	0.000101334	4.48E-05	9.76E-05	1.91E-05	1.88E-05	8.05E-05	0.001817902
0.003526195	0.005680754	0.013636268	0.011321413	0.017147167	0.018034513	0.035923153	0.079630164	0.117283617	0.351841429	0.174871428	0.082748287	0.035125184	0.017181247	0.009084133	0.007112953	0.005791761	0.003129642	0.002837859	0.002214467	0.001147109	6.22E-04	4.00E-04	0.000836759	0.000277809	0.000143025	0.000113535	0.000108172	1.64E-05	3.50E-05	2.55E-05	0.000138559	3.33E-05	2.48E-05	1.01E-05	3.80E-05	5.87E-06	5.83E-06	6.49E-05	0.001832445
0.001968392	0.005965316	0.012543855	0.011919075	0.012395366	0.018394022	0.031793368	0.052567873	0.049514752	0.135045781	0.271285948	0.198696786	0.096314061	0.041123192	0.02053642	0.010746774	0.00915728	0.005429746	0.00383596	0.002884389	0.002144034	1.28E-03	5.64E-04	0.000500483	0.000220144	0.000126881	0.000190607	0.000287093	4.65E-05	7.98E-05	4.73E-05	0.000215023	5.57E-05	3.96E-05	1.42E-05	3.67E-05	6.31E-06	8.23E-06	0.000176113	0.001837852
0.002715493	0.004394883	0.00979274	0.00634814	0.011843195	0.013905459	0.020667718	0.041767399	0.029076709	0.052671039	0.116801562	0.280565768	0.207035062	0.095915206	0.037187896	0.018127977	0.014697274	0.008182758	0.007567102	0.005360158	0.004040722	0.002841699	1.37E-03	0.000928961	0.000497177	0.000293805	0.000543724	0.000809747	0.000181991	0.000265837	0.000177672	0.000513182	0.000193379	0.00014105	5.35E-05	7.54E-05	1.78E-05	2.79E-05	0.000529531	0.001869888
0.002863676	0.002746542	0.007641878	0.006479365	0.006540429	0.010592548	0.020168004	0.024586714	0.020283758	0.02747667	0.052507046	0.120084732	0.307019632	0.209794947	0.088505544	0.031876265	0.017599625	0.010102148	0.009573289	0.005647944	0.004633267	0.002447557	0.0017772	0.001692046	0.000949509	0.000487363	0.000920698	0.00048393	0.000115714	0.000394685	0.000118876	0.000174418	5.62E-05	5.76E-05	1.79E-05	4.35E-05	8.85E-06	1.84E-05	0.001626329	0.00188538
0.003954862	0.001585084	0.004552988	0.004845803	0.00520551	0.008915362	0.016043611	0.02069216	0.014617118	0.018860945	0.024118117	0.046578525	0.124555412	0.336549138	0.192035131	0.075734565	0.036108656	0.018961122	0.013331241	0.006465558	0.005450773	0.003583518	0.003792507	0.002968074	0.002095547	0.000974361	0.000734205	0.000611285	0.000278341	0.001033554	0.000405926	0.000252937	9.93E-05	0.000124848	4.07E-05	9.45E-05	2.44E-05	4.70E-05	0.001771061	0.001906308
0.004727075	0.003059676	0.005792479	0.002897823	0.004312821	0.006314527	0.010156737	0.01780068	0.01189547	0.01477866	0.020973744	0.030142343	0.054385692	0.138567475	0.308988409	0.172321854	0.088056277	0.037230568	0.022267697	0.010408053	0.008329857	0.0068789	0.005110504	0.004189554	0.00184542	0.0012615	0.00123545	0.001264486	0.000252349	0.000382481	0.000111903	0.000122605	5.92E-05	0.000117132	3.53E-05	0.000118208	1.93E-05	3.21E-05	0.001619443	0.001936194
0.006169608	0.005163719	0.005917511	0.005075094	0.007014701	0.007512024	0.007446593	0.016188748	0.00800697	0.015336431	0.016645511	0.027143966	0.03116194	0.056611536	0.134317055	0.256647782	0.204762954	0.086364247	0.039501769	0.015555378	0.010343322	0.009459793	0.008036441	0.00474802	0.002714994	0.002886384	0.003135415	0.001809003	0.000343574	0.000350769	0.000119631	0.000168627	0.000105842	0.000283373	0.000102261	0.000306444	5.37E-05	6.81E-05	0.00045761	0.001963169
0.002882626	0.00134609	0.004367839	0.001936906	0.004008242	0.00670437	0.006858464	0.01063362	0.006246131	0.011605994	0.011512598	0.018943154	0.024486118	0.034012623	0.060923692	0.11282591	0.315983459	0.181567213	0.087938888	0.033081736	0.019720376	0.013447723	0.008167677	0.005292967	0.004275098	0.002475575	0.002116131	0.000845477	0.00014938	0.000265666	0.000106069	0.000236977	0.000232021	0.00065089	0.000349123	0.00083245	0.000197468	0.000187579	0.000498659	0.002087022
0.001729945	0.000707485	0.002930727	0.001834978	0.004035666	0.003579558	0.003514054	0.008057763	0.003537022	0.009132634	0.009926599	0.015380187	0.018080297	0.022487353	0.03109756	0.045563511	0.137246444	0.285279092	0.211809022	0.081308429	0.041038098	0.023549474	0.015103241	0.007673812	0.00468153	0.003399934	0.002028535	0.000765595	0.000124947	0.000257924	9.92E-05	0.000264661	0.000281717	0.000268891	8.79E-05	0.000228777	4.12E-05	6.34E-05	0.000271122	0.002531717
0.003991251	0.000663954	1.91E-03	3.04E-03	0.003204486	2.17E-03	0.004219407	0.010210315	0.003307265	0.007141571	0.006078349	0.010903419	0.009710187	0.014217046	0.019860505	0.028651047	0.05377109	0.120272033	0.316098826	0.174329426	0.088884864	0.04789208	0.027073078	0.014256036	0.008213239	0.005914215	0.004173595	0.001681052	0.000295638	0.000550423	0.000253301	0.000692663	0.00069539	0.000500541	0.000172716	0.000235035	5.41E-05	0.000117877	0.000478437	0.004116901
0.002804282	0.001016227	2.83E-03	1.45E-03	0.003016288	2.75E-03	0.004553907	0.005384258	0.002786733	0.004849864	0.005113844	0.007670281	0.009243887	0.012929646	0.020769423	0.024272537	0.036861185	0.052767823	0.142670349	0.2517124	0.184257033	0.105936163	0.045704849	0.023003749	0.015526687	0.008324887	0.006896529	0.003595487	0.000743032	0.001301705	0.000624638	0.001342941	0.00059715	0.000475775	0.000166517	0.000303039	7.26E-05	0.000223371	0.001119709	0.004326155
0.000915471	0.002054375	0.002534981	1.37E-03	0.002650855	1.32E-03	0.002123085	0.003089928	0.001872633	0.003936696	0.003813191	0.006490275	0.010589688	0.01243445	0.014424716	0.019003935	0.030547787	0.036412017	0.059929405	0.120485228	0.238795159	0.218074509	0.102073798	0.043894471	0.021924457	0.011222054	0.007503417	0.004390149	0.001135604	0.002503345	0.001151778	0.001536969	0.000589277	0.000568639	0.000206503	0.000472999	0.000127415	0.000449281	0.00298771	0.004387557
0.000370712	0.000534062	9.70E-04	2.19E-03	2.29E-03	9.91E-04	0.002532407	0.003878623	0.002265191	0.003729772	0.002078945	0.003813579	0.006816897	0.006698952	0.007666628	0.011890511	0.018027187	0.022447562	0.032724124	0.045217634	0.110115997	0.305799355	0.21226831	0.092871339	0.038342656	0.021405301	0.016213154	0.008263218	0.001813223	0.002661487	0.001003569	0.001141051	0.000395649	0.000604145	0.000237475	0.000831605	0.000242589	0.000881282	0.003292977	0.004479334
2.29E-04	0.000259533	5.85E-04	2.13E-03	1.37E-03	5.30E-04	1.68E-03	0.001788378	0.001825314	0.004623474	0.001890935	0.002856399	0.005076999	0.004277712	0.006270417	0.007467525	0.009961304	0.010740207	0.02005483	0.025187177	0.043365203	0.140949839	0.316278033	0.214741709	0.082870428	0.035480398	0.021829932	0.013093979	0.003234526	0.003941613	0.001686381	0.001996203	0.000690346	0.001141963	0.000538811	0.00196235	0.000434676	0.000759325	0.001663897	0.004533309
0.000197634	0.000339597	0.000561512	0.001987873	0.002336279	0.000918441	0.003524967	0.002100913	0.002774616	0.003789603	0.001355689	0.001385098	0.002305771	0.003946579	0.004325613	0.004568285	0.007049187	0.007249705	0.012940215	0.017458878	0.025546592	0.053382438	0.139539046	0.336188331	0.187394354	0.090320853	0.037839146	0.016216553	0.003117514	0.004044967	0.002557943	0.004192695	0.001626013	0.002538242	0.001223797	0.003364993	0.000786842	0.001291916	0.003162654	0.004548655
0.000197781	0.000644561	0.000354829	0.000738596	0.002301422	0.000771318	0.002468471	0.002389474	0.001346814	0.001359986	0.000986985	0.001390207	0.002415202	0.003665654	0.00448109	0.004807403	0.007758836	0.007174155	0.01202841	0.015769828	0.019775473	0.036560258	0.052739275	0.142109995	0.292496278	0.213495059	0.087961411	0.028854081	0.005264248	0.006701899	0.004925983	0.005834702	0.002337764	0.003872294	0.00187298	0.004282668	0.001236733	0.002636292	0.009429517	0.004562067
0.000244565	0.001869301	0.00031553	0.000437943	0.001851024	0.000507556	0.000821253	0.001560671	0.001516535	0.001216972	0.001537313	0.001849651	0.001513648	0.002631813	0.002337031	0.004266685	0.00613419	0.004461079	0.006213487	0.010272496	0.011871826	0.024134675	0.027010689	0.053275028	0.132667396	0.335244624	0.216009518	0.071691058	0.014022134	0.014599169	0.008144863	0.008788152	0.003738281	0.005061652	0.001870956	0.002378473	0.000653707	0.002015761	0.010687452	0.004575844
0.000152624	0.00038594	0.000146054	0.0001851	0.000506477	0.000214583	0.000584183	0.002483615	0.000761213	0.000909653	0.000551367	0.000707787	0.000841071	0.00205907	0.001852647	0.003766477	0.005896302	0.004156554	0.007147748	0.008140203	0.010686655	0.015063507	0.018872723	0.030900997	0.050184626	0.131310337	0.364317342	0.181035409	0.042793387	0.032895815	0.014466882	0.013673568	0.007266209	0.010318926	0.004314168	0.004738817	0.001533232	0.004497304	0.015086603	0.004594823
0.000165163	0.000221651	0.000130398	0.000125245	0.000286948	0.000200758	0.000715044	0.003864186	0.001003954	0.001843269	0.00060003	0.000411181	0.000356863	0.000666182	0.000914229	0.001202551	0.002074657	0.001703569	0.005115526	0.005211596	0.00768103	0.00762571	0.009057856	0.017910379	0.024744562	0.051043881	0.146026757	0.347312433	0.124582886	0.094452383	0.040050826	0.026332008	0.013235364	0.017146131	0.006852628	0.010405645	0.003338258	0.006946911	0.013836465	0.004604889
0.000236683	0.000160502	4.47E-05	4.92E-05	0.000120207	5.68E-05	0.000186901	0.001116911	0.00039258	0.000597546	0.000189131	0.00017931	0.000214385	0.000438811	0.00132806	0.000884025	0.002026289	0.001016048	0.002992577	0.003546606	0.005490298	0.0051127	0.006843524	0.010837619	0.017647022	0.029648518	0.067230293	0.182265994	0.182047116	0.200297122	0.106533962	0.057630435	0.025456293	0.025725007	0.009338858	0.012649375	0.005037188	0.010643662	0.01916897	0.004618728
0.000593254	0.000331176	8.44E-05	7.86E-05	0.000169168	8.85E-05	0.000208275	0.000596553	0.000575498	0.000492416	0.000249025	0.000325085	0.000465514	0.000923204	0.002663686	0.001838485	0.003836802	0.002086278	0.00450064	0.005858728	0.008113564	0.007677197	0.007561748	0.013092118	0.020736935	0.025620522	0.044381413	0.073818565	0.089284237	0.195485491	0.165915668	0.105780881	0.047704683	0.046109833	0.02114072	0.025158283	0.010477993	0.017440348	0.043900946	0.00463351
0.00157456	0.000305927	4.36E-05	3.40E-05	7.01E-05	5.31E-05	0.000108052	0.000371179	0.001059341	0.000415896	0.000137606	0.000139244	0.00017027	0.000303597	0.001069137	0.00089929	0.002965553	0.001100102	0.002765105	0.004130451	0.004059708	0.003507221	0.002420464	0.004659055	0.010849389	0.011308092	0.023893786	0.0359919	0.043073019	0.119822815	0.244854283	0.201364537	0.091840807	0.067089119	0.029841558	0.02681127	0.009733407	0.012741879	0.033795508	0.004626083
0.00399182	0.000765839	0.00010509	8.88E-05	0.000158614	0.000143578	0.000277915	0.000903973	0.002109508	0.001082751	0.000366827	0.000314957	0.000345896	0.000534565	0.001459608	0.001781949	0.004952414	0.002229415	0.003685051	0.003675501	0.004278242	0.005184617	0.003475919	0.006832649	0.015876952	0.016932657	0.031856465	0.038002315	0.024876861	0.058340514	0.108388332	0.189889919	0.132811729	0.116547928	0.056230825	0.047373545	0.015620674	0.019563306	0.074290406	0.004652118
0.001031561	0.001826877	9.86E-05	3.77E-05	6.99E-05	4.56E-05	9.50E-05	0.000282627	0.000681178	0.000489654	0.000148661	0.000145271	0.000180953	0.000421151	0.001902248	0.001788583	0.002008248	0.000748579	0.001616946	0.003173541	0.002358929	0.003226914	0.002316166	0.006289983	0.010320212	0.012241195	0.025882149	0.021647413	0.013355727	0.035939539	0.048051	0.117808881	0.154537516	0.192638669	0.10681728	0.084061775	0.026504518	0.031327883	0.083212952	0.004668447
0.000670317	0.003757363	0.000274122	8.54E-05	0.000145027	8.65E-05	0.000178682	0.000391945	0.000443529	0.000717134	0.000278549	0.000312542	0.00041773	0.000969818	0.003384915	0.003064643	0.002307591	0.001170541	0.002313551	0.004891977	0.003748311	0.005021969	0.004634819	0.010805254	0.01446615	0.018239091	0.030721129	0.026682058	0.01652544	0.037704381	0.029271918	0.061342251	0.07663672	0.165855093	0.136873115	0.122740114	0.03740979	0.04216024	0.12858538	0.00471493
0.000232873	0.000950491	5.78E-05	2.42E-05	5.07E-05	3.03E-05	6.75E-05	0.000180375	0.000293796	0.001206871	0.000264833	0.000138334	0.000139342	0.000352829	0.001937252	0.001087512	0.000746437	0.000301978	0.000663564	0.001621395	0.001273798	0.001788689	0.001631751	0.00363745	0.006868855	0.009885184	0.016923386	0.0138992	0.010460638	0.024492342	0.014326999	0.036470211	0.037429884	0.11441525	0.191442902	0.234422371	0.077880039	0.066557968	0.121141313	0.004703499
0.000180513	0.000393689	7.10E-05	4.98E-05	0.000108013	7.42E-05	0.000160533	0.000406249	0.000581139	0.002483676	0.000744943	0.000361507	0.000305865	0.000679192	0.00267941	0.00116608	0.000865394	0.000393324	0.000697626	0.001170162	0.001515591	0.002073026	0.002365539	0.003718122	0.009046221	0.015228077	0.02359073	0.016210898	0.008390293	0.023324485	0.013339135	0.027799894	0.021458486	0.059088549	0.096370412	0.253659084	0.110060172	0.10354908	0.190868025	0.004771842
0.000109086	0.000178001	1.90E-05	1.69E-05	3.35E-05	1.59E-05	3.81E-05	0.000116694	0.000171184	0.000723015	0.000156473	8.24E-05	8.64E-05	0.000170188	0.000850689	0.000380961	0.000377444	0.000197262	0.000389464	0.000750009	0.001829055	0.002633199	0.00349053	0.002017387	0.003656318	0.008386603	0.010226097	0.009993141	0.003859302	0.010977743	0.006524903	0.019168809	0.0131422	0.034201763	0.043081215	0.137414747	0.136515013	0.186690142	0.356381859	0.004947286
0.000108905	0.000227303	2.71E-05	3.21E-05	5.26E-05	1.85E-05	4.39E-05	0.000104427	0.00013317	0.000324888	9.54E-05	9.50E-05	0.000131184	0.000183333	0.000542302	0.000435483	0.000528697	0.000387786	0.000692675	0.001330296	0.003060182	0.004901144	0.006208328	0.003561452	0.004147388	0.009989698	0.009631719	0.007624561	0.003304057	0.008821519	0.006151948	0.014946597	0.010482531	0.026661134	0.022983254	0.05693935	0.055645183	0.142461789	0.591607305	0.005375725
0	0	0	0	0	0	0	0	0	0	0	0	0	0	0	0	0	0	0	0	0	0	0	0	0	0	0	0	0	0	0	0	0	0	0	0	0	0	0.993289401	0.006710599
0	0	0	0	0	0	0	0	0	0	0	0	0	0	0	0	0	0	0	0	0	0	0	0	0	0	0	0	0	0	0	0	0	0	0	0	0	0	0	1
